0 -0.0170485
0.25 0.0936593
0.5 0.202061
0.75 0.305487
1 0.401391
1.25 0.487412
1.5 0.561431
1.75 0.621625
2 0.666513
2.25 0.69499
2.5 0.706353
2.75 0.700324
3 0.67705
3.25 0.637105
3.5 0.581472
3.75 0.511522
4 0.428976
4.25 0.335868
4.5 0.234489
4.75 0.127337
5 0.0170485
5.25 -0.0936593
5.5 -0.202061
5.75 -0.305487
6 -0.401391
6.25 -0.487412
6.5 -0.561431
6.75 -0.621625
7 -0.666513
7.25 -0.69499
7.5 -0.706353
7.75 -0.700324
8 -0.67705
8.25 -0.637105
8.5 -0.581472
8.75 -0.511522
9 -0.428976
9.25 -0.335868
9.5 -0.234489
9.75 -0.127337
10 -0.0170485
10.25 0.0936593
10.5 0.202061
10.75 0.305487
11 0.401391
11.25 0.487412
11.5 0.561431
11.75 0.621625
12 0.666513
12.25 0.69499
12.5 0.706353
12.75 0.700324
13 0.67705
13.25 0.637105
13.5 0.581472
13.75 0.511522
14 0.428976
14.25 0.335868
14.5 0.234489
14.75 0.127337
15 0.0170485
15.25 -0.0936593
15.5 -0.202061
15.75 -0.305487
16 -0.401391
16.25 -0.487412
16.5 -0.561431
16.75 -0.621625
17 -0.666513
17.25 -0.69499
17.5 -0.706353
17.75 -0.700324
18 -0.67705
18.25 -0.637105
18.5 -0.581472
18.75 -0.511522
19 -0.428976
19.25 -0.335868
19.5 -0.234489
19.75 -0.127337
20 -0.0170485
