0 -0.00508249
0.125 0.0609297
0.25 0.126566
0.375 0.191422
0.5 0.255098
0.625 0.317202
0.75 0.377349
0.875 0.435171
1 0.490309
1.125 0.542424
1.25 0.591195
1.375 0.636321
1.5 0.677524
1.625 0.71455
1.75 0.74717
1.875 0.775184
2 0.798419
2.125 0.816731
2.25 0.830007
2.375 0.838167
2.5 0.841158
2.625 0.838964
2.75 0.831597
2.875 0.819104
3 0.80156
3.125 0.779074
3.25 0.751785
3.375 0.719861
3.5 0.683499
3.625 0.642923
3.75 0.598383
3.875 0.550153
4 0.498532
4.125 0.443838
4.25 0.386406
4.375 0.326593
4.5 0.264766
4.625 0.201307
4.75 0.136606
4.875 0.0710633
5 0.00508249
5.125 -0.0609297
5.25 -0.126566
5.375 -0.191422
5.5 -0.255098
5.625 -0.317202
5.75 -0.377349
5.875 -0.435171
6 -0.490309
6.125 -0.542424
6.25 -0.591195
6.375 -0.636321
6.5 -0.677524
6.625 -0.71455
6.75 -0.74717
6.875 -0.775184
7 -0.798419
7.125 -0.816731
7.25 -0.830007
7.375 -0.838167
7.5 -0.841158
7.625 -0.838964
7.75 -0.831597
7.875 -0.819104
8 -0.80156
8.125 -0.779074
8.25 -0.751785
8.375 -0.719861
8.5 -0.683499
8.625 -0.642923
8.75 -0.598383
8.875 -0.550153
9 -0.498532
9.125 -0.443838
9.25 -0.386406
9.375 -0.326593
9.5 -0.264766
9.625 -0.201307
9.75 -0.136606
9.875 -0.0710633
10 -0.00508249
10.125 0.0609297
10.25 0.126566
10.375 0.191422
10.5 0.255098
10.625 0.317202
10.75 0.377349
10.875 0.435171
11 0.490309
11.125 0.542424
11.25 0.591195
11.375 0.636321
11.5 0.677524
11.625 0.71455
11.75 0.74717
11.875 0.775184
12 0.798419
12.125 0.816731
12.25 0.830007
12.375 0.838167
12.5 0.841158
12.625 0.838964
12.75 0.831597
12.875 0.819104
13 0.80156
13.125 0.779074
13.25 0.751785
13.375 0.719861
13.5 0.683499
13.625 0.642923
13.75 0.598383
13.875 0.550153
14 0.498532
14.125 0.443838
14.25 0.386406
14.375 0.326593
14.5 0.264766
14.625 0.201307
14.75 0.136606
14.875 0.0710633
15 0.00508249
15.125 -0.0609297
15.25 -0.126566
15.375 -0.191422
15.5 -0.255098
15.625 -0.317202
15.75 -0.377349
15.875 -0.435171
16 -0.490309
16.125 -0.542424
16.25 -0.591195
16.375 -0.636321
16.5 -0.677524
16.625 -0.71455
16.75 -0.74717
16.875 -0.775184
17 -0.798419
17.125 -0.816731
17.25 -0.830007
17.375 -0.838167
17.5 -0.841158
17.625 -0.838964
17.75 -0.831597
17.875 -0.819104
18 -0.80156
18.125 -0.779074
18.25 -0.751785
18.375 -0.719861
18.5 -0.683499
18.625 -0.642923
18.75 -0.598383
18.875 -0.550153
19 -0.498532
19.125 -0.443838
19.25 -0.386406
19.375 -0.326593
19.5 -0.264766
19.625 -0.201307
19.75 -0.136606
19.875 -0.0710633
20 -0.00508249
