0 0.277797
0.5 0.287191
1 0.268473
1.5 0.223475
2 0.156601
2.5 0.0743986
3 -0.0150868
3.5 -0.103095
4 -0.181012
4.5 -0.24121
5 -0.277797
5.5 -0.287191
6 -0.268473
6.5 -0.223475
7 -0.156601
7.5 -0.0743986
8 0.0150868
8.5 0.103095
9 0.181012
9.5 0.24121
10 0.277797
10.5 0.287191
11 0.268473
11.5 0.223475
12 0.156601
12.5 0.0743986
13 -0.0150868
13.5 -0.103095
14 -0.181012
14.5 -0.24121
15 -0.277797
15.5 -0.287191
16 -0.268473
16.5 -0.223475
17 -0.156601
17.5 -0.0743986
18 0.0150868
18.5 0.103095
19 0.181012
19.5 0.24121
20 0.277797
