0 -4.89859e-16
0.25 0.156434
0.5 0.309017
0.75 0.45399
1 0.587785
1.25 0.707107
1.5 0.809017
1.75 0.891007
2 0.951057
2.25 0.987688
2.5 1
2.75 0.987688
3 0.951057
3.25 0.891007
3.5 0.809017
3.75 0.707107
4 0.587785
4.25 0.45399
4.5 0.309017
4.75 0.156434
5 1.22465e-16
5.25 -0.156434
5.5 -0.309017
5.75 -0.45399
6 -0.587785
6.25 -0.707107
6.5 -0.809017
6.75 -0.891007
7 -0.951057
7.25 -0.987688
7.5 -1
7.75 -0.987688
8 -0.951057
8.25 -0.891007
8.5 -0.809017
8.75 -0.707107
9 -0.587785
9.25 -0.45399
9.5 -0.309017
9.75 -0.156434
10 -2.44929e-16
10.25 0.156434
10.5 0.309017
10.75 0.45399
11 0.587785
11.25 0.707107
11.5 0.809017
11.75 0.891007
12 0.951057
12.25 0.987688
12.5 1
12.75 0.987688
13 0.951057
13.25 0.891007
13.5 0.809017
13.75 0.707107
14 0.587785
14.25 0.45399
14.5 0.309017
14.75 0.156434
15 3.67394e-16
15.25 -0.156434
15.5 -0.309017
15.75 -0.45399
16 -0.587785
16.25 -0.707107
16.5 -0.809017
16.75 -0.891007
17 -0.951057
17.25 -0.987688
17.5 -1
17.75 -0.987688
18 -0.951057
18.25 -0.891007
18.5 -0.809017
18.75 -0.707107
19 -0.587785
19.25 -0.45399
19.5 -0.309017
19.75 -0.156434
20 -4.89859e-16
