0 0.0101418
0.25 -0.121468
0.5 -0.250086
0.75 -0.372547
1 -0.485834
1.25 -0.587159
1.5 -0.674025
1.75 -0.744295
2 -0.796238
2.25 -0.828575
2.5 -0.840509
2.75 -0.831748
3 -0.802506
3.25 -0.753504
3.5 -0.685948
3.75 -0.601501
4 -0.502244
4.25 -0.39062
4.5 -0.269377
4.75 -0.141502
5 -0.0101418
5.25 0.121468
5.5 0.250086
5.75 0.372547
6 0.485834
6.25 0.587159
6.5 0.674025
6.75 0.744295
7 0.796238
7.25 0.828575
7.5 0.840509
7.75 0.831748
8 0.802506
8.25 0.753504
8.5 0.685948
8.75 0.601501
9 0.502244
9.25 0.39062
9.5 0.269377
9.75 0.141502
10 0.0101418
10.25 -0.121468
10.5 -0.250086
10.75 -0.372547
11 -0.485834
11.25 -0.587159
11.5 -0.674025
11.75 -0.744295
12 -0.796238
12.25 -0.828575
12.5 -0.840509
12.75 -0.831748
13 -0.802506
13.25 -0.753504
13.5 -0.685948
13.75 -0.601501
14 -0.502244
14.25 -0.39062
14.5 -0.269377
14.75 -0.141502
15 -0.0101418
15.25 0.121468
15.5 0.250086
15.75 0.372547
16 0.485834
16.25 0.587159
16.5 0.674025
16.75 0.744295
17 0.796238
17.25 0.828575
17.5 0.840509
17.75 0.831748
18 0.802506
18.25 0.753504
18.5 0.685948
18.75 0.601501
19 0.502244
19.25 0.39062
19.5 0.269377
19.75 0.141502
20 0.0101418
