0 -0.0154768
0.5 -0.124
1 -0.220384
1.5 -0.295196
2 -0.341112
2.5 -0.353638
3 -0.331547
3.5 -0.277002
4 -0.195342
4.5 -0.0945609
5 0.0154768
5.5 0.124
6 0.220384
6.5 0.295196
7 0.341112
7.5 0.353638
8 0.331547
8.5 0.277002
9 0.195342
9.5 0.0945609
10 -0.0154768
10.5 -0.124
11 -0.220384
11.5 -0.295196
12 -0.341112
12.5 -0.353638
13 -0.331547
13.5 -0.277002
14 -0.195342
14.5 -0.0945609
15 0.0154768
15.5 0.124
16 0.220384
16.5 0.295196
17 0.341112
17.5 0.353638
18 0.331547
18.5 0.277002
19 0.195342
19.5 0.0945609
20 -0.0154768
