0 -0.00105341
0.5 0.153095
1 0.292258
1.5 0.402812
2 0.473937
2.5 0.498669
3 0.474588
3.5 0.404051
4 0.293962
4.5 0.155099
5 0.00105341
5.5 -0.153095
6 -0.292258
6.5 -0.402812
7 -0.473937
7.5 -0.498669
8 -0.474588
8.5 -0.404051
9 -0.293962
9.5 -0.155099
10 -0.00105341
10.5 0.153095
11 0.292258
11.5 0.402812
12 0.473937
12.5 0.498669
13 0.474588
13.5 0.404051
14 0.293962
14.5 0.155099
15 0.00105341
15.5 -0.153095
16 -0.292258
16.5 -0.402812
17 -0.473937
17.5 -0.498669
18 -0.474588
18.5 -0.404051
19 -0.293962
19.5 -0.155099
20 -0.00105341
