0 0.0135678
0.125 -0.058402
0.25 -0.130012
0.375 -0.20082
0.5 -0.27039
0.625 -0.338293
0.75 -0.40411
0.875 -0.467436
1 -0.52788
1.125 -0.58507
1.25 -0.638652
1.375 -0.688297
1.5 -0.733698
1.625 -0.774575
1.75 -0.810678
1.875 -0.841782
2 -0.867696
2.125 -0.88826
2.25 -0.903349
2.375 -0.912867
2.5 -0.916758
2.625 -0.914996
2.75 -0.907593
2.875 -0.894595
3 -0.876081
3.125 -0.852166
3.25 -0.822997
3.375 -0.788754
3.5 -0.749648
3.625 -0.70592
3.75 -0.65784
3.875 -0.605704
4 -0.549833
4.125 -0.490573
4.25 -0.428288
4.375 -0.363363
4.5 -0.296197
4.625 -0.227206
4.75 -0.156813
4.875 -0.0854539
5 -0.0135678
5.125 0.058402
5.25 0.130012
5.375 0.20082
5.5 0.27039
5.625 0.338293
5.75 0.40411
5.875 0.467436
6 0.52788
6.125 0.58507
6.25 0.638652
6.375 0.688297
6.5 0.733698
6.625 0.774575
6.75 0.810678
6.875 0.841782
7 0.867696
7.125 0.88826
7.25 0.903349
7.375 0.912867
7.5 0.916758
7.625 0.914996
7.75 0.907593
7.875 0.894595
8 0.876081
8.125 0.852166
8.25 0.822997
8.375 0.788754
8.5 0.749648
8.625 0.70592
8.75 0.65784
8.875 0.605704
9 0.549833
9.125 0.490573
9.25 0.428288
9.375 0.363363
9.5 0.296197
9.625 0.227206
9.75 0.156813
9.875 0.0854539
10 0.0135678
10.125 -0.058402
10.25 -0.130012
10.375 -0.20082
10.5 -0.27039
10.625 -0.338293
10.75 -0.40411
10.875 -0.467436
11 -0.52788
11.125 -0.58507
11.25 -0.638652
11.375 -0.688297
11.5 -0.733698
11.625 -0.774575
11.75 -0.810678
11.875 -0.841782
12 -0.867696
12.125 -0.88826
12.25 -0.903349
12.375 -0.912867
12.5 -0.916758
12.625 -0.914996
12.75 -0.907593
12.875 -0.894595
13 -0.876081
13.125 -0.852166
13.25 -0.822997
13.375 -0.788754
13.5 -0.749648
13.625 -0.70592
13.75 -0.65784
13.875 -0.605704
14 -0.549833
14.125 -0.490573
14.25 -0.428288
14.375 -0.363363
14.5 -0.296197
14.625 -0.227206
14.75 -0.156813
14.875 -0.0854539
15 -0.0135678
15.125 0.058402
15.25 0.130012
15.375 0.20082
15.5 0.27039
15.625 0.338293
15.75 0.40411
15.875 0.467436
16 0.52788
16.125 0.58507
16.25 0.638652
16.375 0.688297
16.5 0.733698
16.625 0.774575
16.75 0.810678
16.875 0.841782
17 0.867696
17.125 0.88826
17.25 0.903349
17.375 0.912867
17.5 0.916758
17.625 0.914996
17.75 0.907593
17.875 0.894595
18 0.876081
18.125 0.852166
18.25 0.822997
18.375 0.788754
18.5 0.749648
18.625 0.70592
18.75 0.65784
18.875 0.605704
19 0.549833
19.125 0.490573
19.25 0.428288
19.375 0.363363
19.5 0.296197
19.625 0.227206
19.75 0.156813
19.875 0.0854539
20 0.0135678
