0 0.503289
0.25 0.52567
0.5 0.535107
0.75 0.531368
1 0.514545
1.25 0.485052
1.5 0.443616
1.75 0.391256
2 0.329262
2.25 0.259161
2.5 0.182678
2.75 0.101698
3 0.0182127
3.25 -0.0657207
3.5 -0.148036
3.75 -0.226706
4 -0.299794
4.25 -0.3655
4.5 -0.422206
4.75 -0.468515
5 -0.503289
5.25 -0.52567
5.5 -0.535107
5.75 -0.531368
6 -0.514545
6.25 -0.485052
6.5 -0.443616
6.75 -0.391256
7 -0.329262
7.25 -0.259161
7.5 -0.182678
7.75 -0.101698
8 -0.0182127
8.25 0.0657207
8.5 0.148036
8.75 0.226706
9 0.299794
9.25 0.3655
9.5 0.422206
9.75 0.468515
10 0.503289
10.25 0.52567
10.5 0.535107
10.75 0.531368
11 0.514545
11.25 0.485052
11.5 0.443616
11.75 0.391256
12 0.329262
12.25 0.259161
12.5 0.182678
12.75 0.101698
13 0.0182127
13.25 -0.0657207
13.5 -0.148036
13.75 -0.226706
14 -0.299794
14.25 -0.3655
14.5 -0.422206
14.75 -0.468515
15 -0.503289
15.25 -0.52567
15.5 -0.535107
15.75 -0.531368
16 -0.514545
16.25 -0.485052
16.5 -0.443616
16.75 -0.391256
17 -0.329262
17.25 -0.259161
17.5 -0.182678
17.75 -0.101698
18 -0.0182127
18.25 0.0657207
18.5 0.148036
18.75 0.226706
19 0.299794
19.25 0.3655
19.5 0.422206
19.75 0.468515
20 0.503289
