0 0.691711
0.125 0.708438
0.25 0.720798
0.375 0.728714
0.5 0.732137
0.625 0.731046
0.75 0.725448
0.875 0.715377
1 0.700896
1.125 0.682094
1.25 0.659086
1.375 0.632015
1.5 0.601047
1.625 0.566374
1.75 0.528209
1.875 0.486787
2 0.442364
2.125 0.395213
2.25 0.345626
2.375 0.293908
2.5 0.240378
2.625 0.185366
2.75 0.129211
2.875 0.0722599
3 0.0148629
3.125 -0.0426257
3.25 -0.0998515
3.375 -0.156462
3.5 -0.212107
3.625 -0.266445
3.75 -0.31914
3.875 -0.369868
4 -0.418315
4.125 -0.464183
4.25 -0.507189
4.375 -0.547068
4.5 -0.583575
4.625 -0.616483
4.75 -0.645591
4.875 -0.670718
5 -0.691711
5.125 -0.708438
5.25 -0.720798
5.375 -0.728714
5.5 -0.732137
5.625 -0.731046
5.75 -0.725448
5.875 -0.715377
6 -0.700896
6.125 -0.682094
6.25 -0.659086
6.375 -0.632015
6.5 -0.601047
6.625 -0.566374
6.75 -0.528209
6.875 -0.486787
7 -0.442364
7.125 -0.395213
7.25 -0.345626
7.375 -0.293908
7.5 -0.240378
7.625 -0.185366
7.75 -0.129211
7.875 -0.0722599
8 -0.0148629
8.125 0.0426257
8.25 0.0998515
8.375 0.156462
8.5 0.212107
8.625 0.266445
8.75 0.31914
8.875 0.369868
9 0.418315
9.125 0.464183
9.25 0.507189
9.375 0.547068
9.5 0.583575
9.625 0.616483
9.75 0.645591
9.875 0.670718
10 0.691711
10.125 0.708438
10.25 0.720798
10.375 0.728714
10.5 0.732137
10.625 0.731046
10.75 0.725448
10.875 0.715377
11 0.700896
11.125 0.682094
11.25 0.659086
11.375 0.632015
11.5 0.601047
11.625 0.566374
11.75 0.528209
11.875 0.486787
12 0.442364
12.125 0.395213
12.25 0.345626
12.375 0.293908
12.5 0.240378
12.625 0.185366
12.75 0.129211
12.875 0.0722599
13 0.0148629
13.125 -0.0426257
13.25 -0.0998515
13.375 -0.156462
13.5 -0.212107
13.625 -0.266445
13.75 -0.31914
13.875 -0.369868
14 -0.418315
14.125 -0.464183
14.25 -0.507189
14.375 -0.547068
14.5 -0.583575
14.625 -0.616483
14.75 -0.645591
14.875 -0.670718
15 -0.691711
15.125 -0.708438
15.25 -0.720798
15.375 -0.728714
15.5 -0.732137
15.625 -0.731046
15.75 -0.725448
15.875 -0.715377
16 -0.700896
16.125 -0.682094
16.25 -0.659086
16.375 -0.632015
16.5 -0.601047
16.625 -0.566374
16.75 -0.528209
16.875 -0.486787
17 -0.442364
17.125 -0.395213
17.25 -0.345626
17.375 -0.293908
17.5 -0.240378
17.625 -0.185366
17.75 -0.129211
17.875 -0.0722599
18 -0.0148629
18.125 0.0426257
18.25 0.0998515
18.375 0.156462
18.5 0.212107
18.625 0.266445
18.75 0.31914
18.875 0.369868
19 0.418315
19.125 0.464183
19.25 0.507189
19.375 0.547068
19.5 0.583575
19.625 0.616483
19.75 0.645591
19.875 0.670718
20 0.691711
