0 0.0336804
0.5 -0.184805
1 -0.385201
1.5 -0.547891
2 -0.656949
2.5 -0.7017
3 -0.677764
3.5 -0.587484
4 -0.439697
4.5 -0.248869
5 -0.0336804
5.5 0.184805
6 0.385201
6.5 0.547891
7 0.656949
7.5 0.7017
8 0.677764
8.5 0.587484
9 0.439697
9.5 0.248869
10 0.0336804
10.5 -0.184805
11 -0.385201
11.5 -0.547891
12 -0.656949
12.5 -0.7017
13 -0.677764
13.5 -0.587484
14 -0.439697
14.5 -0.248869
15 -0.0336804
15.5 0.184805
16 0.385201
16.5 0.547891
17 0.656949
17.5 0.7017
18 0.677764
18.5 0.587484
19 0.439697
19.5 0.248869
20 0.0336804
