0 0.0160721
0.125 -0.0444749
0.25 -0.104748
0.375 -0.164375
0.5 -0.222988
0.625 -0.280227
0.75 -0.335738
0.875 -0.389179
1 -0.440221
1.125 -0.488548
1.25 -0.533864
1.375 -0.575888
1.5 -0.614361
1.625 -0.649047
1.75 -0.679731
1.875 -0.706225
2 -0.728364
2.125 -0.746013
2.25 -0.759062
2.375 -0.767432
2.5 -0.77107
2.625 -0.769954
2.75 -0.764091
2.875 -0.753517
3 -0.738297
3.125 -0.718526
3.25 -0.694325
3.375 -0.665842
3.5 -0.633255
3.625 -0.596764
3.75 -0.556593
3.875 -0.512991
4 -0.466226
4.125 -0.416586
4.25 -0.364379
4.375 -0.309924
4.5 -0.253559
4.625 -0.195631
4.75 -0.136496
4.875 -0.0765199
5 -0.0160721
5.125 0.0444749
5.25 0.104748
5.375 0.164375
5.5 0.222988
5.625 0.280227
5.75 0.335738
5.875 0.389179
6 0.440221
6.125 0.488548
6.25 0.533864
6.375 0.575888
6.5 0.614361
6.625 0.649047
6.75 0.679731
6.875 0.706225
7 0.728364
7.125 0.746013
7.25 0.759062
7.375 0.767432
7.5 0.77107
7.625 0.769954
7.75 0.764091
7.875 0.753517
8 0.738297
8.125 0.718526
8.25 0.694325
8.375 0.665842
8.5 0.633255
8.625 0.596764
8.75 0.556593
8.875 0.512991
9 0.466226
9.125 0.416586
9.25 0.364379
9.375 0.309924
9.5 0.253559
9.625 0.195631
9.75 0.136496
9.875 0.0765199
10 0.0160721
10.125 -0.0444749
10.25 -0.104748
10.375 -0.164375
10.5 -0.222988
10.625 -0.280227
10.75 -0.335738
10.875 -0.389179
11 -0.440221
11.125 -0.488548
11.25 -0.533864
11.375 -0.575888
11.5 -0.614361
11.625 -0.649047
11.75 -0.679731
11.875 -0.706225
12 -0.728364
12.125 -0.746013
12.25 -0.759062
12.375 -0.767432
12.5 -0.77107
12.625 -0.769954
12.75 -0.764091
12.875 -0.753517
13 -0.738297
13.125 -0.718526
13.25 -0.694325
13.375 -0.665842
13.5 -0.633255
13.625 -0.596764
13.75 -0.556593
13.875 -0.512991
14 -0.466226
14.125 -0.416586
14.25 -0.364379
14.375 -0.309924
14.5 -0.253559
14.625 -0.195631
14.75 -0.136496
14.875 -0.0765199
15 -0.0160721
15.125 0.0444749
15.25 0.104748
15.375 0.164375
15.5 0.222988
15.625 0.280227
15.75 0.335738
15.875 0.389179
16 0.440221
16.125 0.488548
16.25 0.533864
16.375 0.575888
16.5 0.614361
16.625 0.649047
16.75 0.679731
16.875 0.706225
17 0.728364
17.125 0.746013
17.25 0.759062
17.375 0.767432
17.5 0.77107
17.625 0.769954
17.75 0.764091
17.875 0.753517
18 0.738297
18.125 0.718526
18.25 0.694325
18.375 0.665842
18.5 0.633255
18.625 0.596764
18.75 0.556593
18.875 0.512991
19 0.466226
19.125 0.416586
19.25 0.364379
19.375 0.309924
19.5 0.253559
19.625 0.195631
19.75 0.136496
19.875 0.0765199
20 0.0160721
