0 0.0214931
0.25 -0.071619
0.5 -0.162968
0.75 -0.250303
1 -0.331476
1.25 -0.404486
1.5 -0.467537
1.75 -0.519076
2 -0.557833
2.25 -0.582854
2.5 -0.593523
2.75 -0.589578
3 -0.571116
3.25 -0.538591
3.5 -0.492804
3.75 -0.434882
4 -0.366253
4.25 -0.288604
4.5 -0.20385
4.75 -0.114076
5 -0.0214931
5.25 0.071619
5.5 0.162968
5.75 0.250303
6 0.331476
6.25 0.404486
6.5 0.467537
6.75 0.519076
7 0.557833
7.25 0.582854
7.5 0.593523
7.75 0.589578
8 0.571116
8.25 0.538591
8.5 0.492804
8.75 0.434882
9 0.366253
9.25 0.288604
9.5 0.20385
9.75 0.114076
10 0.0214931
10.25 -0.071619
10.5 -0.162968
10.75 -0.250303
11 -0.331476
11.25 -0.404486
11.5 -0.467537
11.75 -0.519076
12 -0.557833
12.25 -0.582854
12.5 -0.593523
12.75 -0.589578
13 -0.571116
13.25 -0.538591
13.5 -0.492804
13.75 -0.434882
14 -0.366253
14.25 -0.288604
14.5 -0.20385
14.75 -0.114076
15 -0.0214931
15.25 0.071619
15.5 0.162968
15.75 0.250303
16 0.331476
16.25 0.404486
16.5 0.467537
16.75 0.519076
17 0.557833
17.25 0.582854
17.5 0.593523
17.75 0.589578
18 0.571116
18.25 0.538591
18.5 0.492804
18.75 0.434882
19 0.366253
19.25 0.288604
19.5 0.20385
19.75 0.114076
20 0.0214931
