0 0.463761
0.5 0.49002
1 0.468311
1.5 0.400761
2 0.293982
2.5 0.158426
3 0.00736181
3.5 -0.144423
4 -0.282071
4.5 -0.392107
5 -0.463761
5.5 -0.49002
6 -0.468311
6.5 -0.400761
7 -0.293982
7.5 -0.158426
8 -0.00736181
8.5 0.144423
9 0.282071
9.5 0.392107
10 0.463761
10.5 0.49002
11 0.468311
11.5 0.400761
12 0.293982
12.5 0.158426
13 0.00736181
13.5 -0.144423
14 -0.282071
14.5 -0.392107
15 -0.463761
15.5 -0.49002
16 -0.468311
16.5 -0.400761
17 -0.293982
17.5 -0.158426
18 -0.00736181
18.5 0.144423
19 0.282071
19.5 0.392107
20 0.463761
