0 0.665625
0.25 0.691693
0.5 0.700729
0.75 0.69251
1 0.66724
1.25 0.62554
1.5 0.568437
1.75 0.497338
2 0.413992
2.25 0.320453
2.5 0.219022
2.75 0.112199
3 0.00261331
3.25 -0.107037
3.5 -0.214052
3.75 -0.315796
4 -0.409764
4.25 -0.493642
4.5 -0.565365
4.75 -0.623167
5 -0.665625
5.25 -0.691693
5.5 -0.700729
5.75 -0.69251
6 -0.66724
6.25 -0.62554
6.5 -0.568437
6.75 -0.497338
7 -0.413992
7.25 -0.320453
7.5 -0.219022
7.75 -0.112199
8 -0.00261331
8.25 0.107037
8.5 0.214052
8.75 0.315796
9 0.409764
9.25 0.493642
9.5 0.565365
9.75 0.623167
10 0.665625
10.25 0.691693
10.5 0.700729
10.75 0.69251
11 0.66724
11.25 0.62554
11.5 0.568437
11.75 0.497338
12 0.413992
12.25 0.320453
12.5 0.219022
12.75 0.112199
13 0.00261331
13.25 -0.107037
13.5 -0.214052
13.75 -0.315796
14 -0.409764
14.25 -0.493642
14.5 -0.565365
14.75 -0.623167
15 -0.665625
15.25 -0.691693
15.5 -0.700729
15.75 -0.69251
16 -0.66724
16.25 -0.62554
16.5 -0.568437
16.75 -0.497338
17 -0.413992
17.25 -0.320453
17.5 -0.219022
17.75 -0.112199
18 -0.00261331
18.25 0.107037
18.5 0.214052
18.75 0.315796
19 0.409764
19.25 0.493642
19.5 0.565365
19.75 0.623167
20 0.665625
