0 -0.0274604
0.25 0.101068
0.5 0.227108
0.75 0.347556
1 0.459446
1.25 0.560022
1.5 0.646809
1.75 0.71767
2 0.770859
2.25 0.805067
2.5 0.819452
2.75 0.813659
3 0.787831
3.25 0.742603
3.5 0.679091
3.75 0.598857
4 0.503878
4.25 0.396491
4.5 0.279341
4.75 0.155313
5 0.0274604
5.25 -0.101068
5.5 -0.227108
5.75 -0.347556
6 -0.459446
6.25 -0.560022
6.5 -0.646809
6.75 -0.71767
7 -0.770859
7.25 -0.805067
7.5 -0.819452
7.75 -0.813659
8 -0.787831
8.25 -0.742603
8.5 -0.679091
8.75 -0.598857
9 -0.503878
9.25 -0.396491
9.5 -0.279341
9.75 -0.155313
10 -0.0274604
10.25 0.101068
10.5 0.227108
10.75 0.347556
11 0.459446
11.25 0.560022
11.5 0.646809
11.75 0.71767
12 0.770859
12.25 0.805067
12.5 0.819452
12.75 0.813659
13 0.787831
13.25 0.742603
13.5 0.679091
13.75 0.598857
14 0.503878
14.25 0.396491
14.5 0.279341
14.75 0.155313
15 0.0274604
15.25 -0.101068
15.5 -0.227108
15.75 -0.347556
16 -0.459446
16.25 -0.560022
16.5 -0.646809
16.75 -0.71767
17 -0.770859
17.25 -0.805067
17.5 -0.819452
17.75 -0.813659
18 -0.787831
18.25 -0.742603
18.5 -0.679091
18.75 -0.598857
19 -0.503878
19.25 -0.396491
19.5 -0.279341
19.75 -0.155313
20 -0.0274604
