0 0.00231074
0.25 -0.11403
0.5 -0.227562
0.75 -0.335492
1 -0.43516
1.25 -0.524113
1.5 -0.600161
1.75 -0.661431
2 -0.706414
2.25 -0.734003
2.5 -0.743519
2.75 -0.734726
3 -0.707842
3.25 -0.663529
3.5 -0.602878
3.75 -0.527381
4 -0.438899
4.25 -0.339609
4.5 -0.231958
4.75 -0.118594
5 -0.00231074
5.25 0.11403
5.5 0.227562
5.75 0.335492
6 0.43516
6.25 0.524113
6.5 0.600161
6.75 0.661431
7 0.706414
7.25 0.734003
7.5 0.743519
7.75 0.734726
8 0.707842
8.25 0.663529
8.5 0.602878
8.75 0.527381
9 0.438899
9.25 0.339609
9.5 0.231958
9.75 0.118594
10 0.00231074
10.25 -0.11403
10.5 -0.227562
10.75 -0.335492
11 -0.43516
11.25 -0.524113
11.5 -0.600161
11.75 -0.661431
12 -0.706414
12.25 -0.734003
12.5 -0.743519
12.75 -0.734726
13 -0.707842
13.25 -0.663529
13.5 -0.602878
13.75 -0.527381
14 -0.438899
14.25 -0.339609
14.5 -0.231958
14.75 -0.118594
15 -0.00231074
15.25 0.11403
15.5 0.227562
15.75 0.335492
16 0.43516
16.25 0.524113
16.5 0.600161
16.75 0.661431
17 0.706414
17.25 0.734003
17.5 0.743519
17.75 0.734726
18 0.707842
18.25 0.663529
18.5 0.602878
18.75 0.527381
19 0.438899
19.25 0.339609
19.5 0.231958
19.75 0.118594
20 0.00231074
