0 0.0547723
0.5 -0.199818
1 -0.434849
1.5 -0.627314
2 -0.758374
2.5 -0.815198
3 -0.792225
3.5 -0.691703
4 -0.523473
4.5 -0.304002
5 -0.0547723
5.5 0.199818
6 0.434849
6.5 0.627314
7 0.758374
7.5 0.815198
8 0.792225
8.5 0.691703
9 0.523473
9.5 0.304002
10 0.0547723
10.5 -0.199818
11 -0.434849
11.5 -0.627314
12 -0.758374
12.5 -0.815198
13 -0.792225
13.5 -0.691703
14 -0.523473
14.5 -0.304002
15 -0.0547723
15.5 0.199818
16 0.434849
16.5 0.627314
17 0.758374
17.5 0.815198
18 0.792225
18.5 0.691703
19 0.523473
19.5 0.304002
20 0.0547723
