0 0.0412638
0.125 -0.0263961
0.25 -0.0938932
0.375 -0.160811
0.5 -0.226738
0.625 -0.291267
0.75 -0.354
0.875 -0.414551
1 -0.472546
1.125 -0.527627
1.25 -0.579455
1.375 -0.627711
1.5 -0.672097
1.625 -0.712339
1.75 -0.748189
1.875 -0.779427
2 -0.805859
2.125 -0.827322
2.25 -0.843685
2.375 -0.854847
2.5 -0.860737
2.625 -0.861322
2.75 -0.856595
2.875 -0.846588
3 -0.831361
3.125 -0.811009
3.25 -0.785656
3.375 -0.75546
3.5 -0.720605
3.625 -0.681309
3.75 -0.637811
3.875 -0.590381
4 -0.539312
4.125 -0.484917
4.25 -0.427533
4.375 -0.367513
4.5 -0.305227
4.625 -0.241059
4.75 -0.175405
4.875 -0.108669
5 -0.0412638
5.125 0.0263961
5.25 0.0938932
5.375 0.160811
5.5 0.226738
5.625 0.291267
5.75 0.354
5.875 0.414551
6 0.472546
6.125 0.527627
6.25 0.579455
6.375 0.627711
6.5 0.672097
6.625 0.712339
6.75 0.748189
6.875 0.779427
7 0.805859
7.125 0.827322
7.25 0.843685
7.375 0.854847
7.5 0.860737
7.625 0.861322
7.75 0.856595
7.875 0.846588
8 0.831361
8.125 0.811009
8.25 0.785656
8.375 0.75546
8.5 0.720605
8.625 0.681309
8.75 0.637811
8.875 0.590381
9 0.539312
9.125 0.484917
9.25 0.427533
9.375 0.367513
9.5 0.305227
9.625 0.241059
9.75 0.175405
9.875 0.108669
10 0.0412638
10.125 -0.0263961
10.25 -0.0938932
10.375 -0.160811
10.5 -0.226738
10.625 -0.291267
10.75 -0.354
10.875 -0.414551
11 -0.472546
11.125 -0.527627
11.25 -0.579455
11.375 -0.627711
11.5 -0.672097
11.625 -0.712339
11.75 -0.748189
11.875 -0.779427
12 -0.805859
12.125 -0.827322
12.25 -0.843685
12.375 -0.854847
12.5 -0.860737
12.625 -0.861322
12.75 -0.856595
12.875 -0.846588
13 -0.831361
13.125 -0.811009
13.25 -0.785656
13.375 -0.75546
13.5 -0.720605
13.625 -0.681309
13.75 -0.637811
13.875 -0.590381
14 -0.539312
14.125 -0.484917
14.25 -0.427533
14.375 -0.367513
14.5 -0.305227
14.625 -0.241059
14.75 -0.175405
14.875 -0.108669
15 -0.0412638
15.125 0.0263961
15.25 0.0938932
15.375 0.160811
15.5 0.226738
15.625 0.291267
15.75 0.354
15.875 0.414551
16 0.472546
16.125 0.527627
16.25 0.579455
16.375 0.627711
16.5 0.672097
16.625 0.712339
16.75 0.748189
16.875 0.779427
17 0.805859
17.125 0.827322
17.25 0.843685
17.375 0.854847
17.5 0.860737
17.625 0.861322
17.75 0.856595
17.875 0.846588
18 0.831361
18.125 0.811009
18.25 0.785656
18.375 0.75546
18.5 0.720605
18.625 0.681309
18.75 0.637811
18.875 0.590381
19 0.539312
19.125 0.484917
19.25 0.427533
19.375 0.367513
19.5 0.305227
19.625 0.241059
19.75 0.175405
19.875 0.108669
20 0.0412638
