0 0.00690925
0.5 -0.163972
1 -0.318802
1.5 -0.442426
2 -0.522742
2.5 -0.551889
3 -0.527012
3.5 -0.450548
4 -0.329982
4.5 -0.177114
5 -0.00690925
5.5 0.163972
6 0.318802
6.5 0.442426
7 0.522742
7.5 0.551889
8 0.527012
8.5 0.450548
9 0.329982
9.5 0.177114
10 0.00690925
10.5 -0.163972
11 -0.318802
11.5 -0.442426
12 -0.522742
12.5 -0.551889
13 -0.527012
13.5 -0.450548
14 -0.329982
14.5 -0.177114
15 -0.00690925
15.5 0.163972
16 0.318802
16.5 0.442426
17 0.522742
17.5 0.551889
18 0.527012
18.5 0.450548
19 0.329982
19.5 0.177114
20 0.00690925
