0 0.782297
0.125 0.803144
0.25 0.819039
0.375 0.829885
0.5 0.835614
0.625 0.836191
0.75 0.831613
0.875 0.821908
1 0.807135
1.125 0.787386
1.25 0.762783
1.375 0.733477
1.5 0.699648
1.625 0.661507
1.75 0.619286
1.875 0.573248
2 0.523675
2.125 0.470874
2.25 0.41517
2.375 0.356906
2.5 0.296441
2.625 0.234149
2.75 0.170413
2.875 0.105627
3 0.0401893
3.125 -0.0254961
3.25 -0.0910243
3.375 -0.155991
3.5 -0.219997
3.625 -0.282646
3.75 -0.343552
3.875 -0.40234
4 -0.458648
4.125 -0.512128
4.25 -0.56245
4.375 -0.609305
4.5 -0.652403
4.625 -0.691479
4.75 -0.726292
4.875 -0.756627
5 -0.782297
5.125 -0.803144
5.25 -0.819039
5.375 -0.829885
5.5 -0.835614
5.625 -0.836191
5.75 -0.831613
5.875 -0.821908
6 -0.807135
6.125 -0.787386
6.25 -0.762783
6.375 -0.733477
6.5 -0.699648
6.625 -0.661507
6.75 -0.619286
6.875 -0.573248
7 -0.523675
7.125 -0.470874
7.25 -0.41517
7.375 -0.356906
7.5 -0.296441
7.625 -0.234149
7.75 -0.170413
7.875 -0.105627
8 -0.0401893
8.125 0.0254961
8.25 0.0910243
8.375 0.155991
8.5 0.219997
8.625 0.282646
8.75 0.343552
8.875 0.40234
9 0.458648
9.125 0.512128
9.25 0.56245
9.375 0.609305
9.5 0.652403
9.625 0.691479
9.75 0.726292
9.875 0.756627
10 0.782297
10.125 0.803144
10.25 0.819039
10.375 0.829885
10.5 0.835614
10.625 0.836191
10.75 0.831613
10.875 0.821908
11 0.807135
11.125 0.787386
11.25 0.762783
11.375 0.733477
11.5 0.699648
11.625 0.661507
11.75 0.619286
11.875 0.573248
12 0.523675
12.125 0.470874
12.25 0.41517
12.375 0.356906
12.5 0.296441
12.625 0.234149
12.75 0.170413
12.875 0.105627
13 0.0401893
13.125 -0.0254961
13.25 -0.0910243
13.375 -0.155991
13.5 -0.219997
13.625 -0.282646
13.75 -0.343552
13.875 -0.40234
14 -0.458648
14.125 -0.512128
14.25 -0.56245
14.375 -0.609305
14.5 -0.652403
14.625 -0.691479
14.75 -0.726292
14.875 -0.756627
15 -0.782297
15.125 -0.803144
15.25 -0.819039
15.375 -0.829885
15.5 -0.835614
15.625 -0.836191
15.75 -0.831613
15.875 -0.821908
16 -0.807135
16.125 -0.787386
16.25 -0.762783
16.375 -0.733477
16.5 -0.699648
16.625 -0.661507
16.75 -0.619286
16.875 -0.573248
17 -0.523675
17.125 -0.470874
17.25 -0.41517
17.375 -0.356906
17.5 -0.296441
17.625 -0.234149
17.75 -0.170413
17.875 -0.105627
18 -0.0401893
18.125 0.0254961
18.25 0.0910243
18.375 0.155991
18.5 0.219997
18.625 0.282646
18.75 0.343552
18.875 0.40234
19 0.458648
19.125 0.512128
19.25 0.56245
19.375 0.609305
19.5 0.652403
19.625 0.691479
19.75 0.726292
19.875 0.756627
20 0.782297
