0 -0.0289144
0.125 0.0421872
0.25 0.113029
0.375 0.183173
0.5 0.252189
0.625 0.319649
0.75 0.385139
0.875 0.448254
1 0.508606
1.125 0.565822
1.25 0.619549
1.375 0.669457
1.5 0.715237
1.625 0.756608
1.75 0.793313
1.875 0.825128
2 0.851856
2.125 0.873331
2.25 0.889423
2.375 0.90003
2.5 0.905089
2.625 0.904568
2.75 0.898469
2.875 0.886831
3 0.869726
3.125 0.847258
3.25 0.819567
3.375 0.786823
3.5 0.749228
3.625 0.707013
3.75 0.66044
3.875 0.609795
4 0.55539
4.125 0.497561
4.25 0.436665
4.375 0.373076
4.5 0.307187
4.625 0.239404
4.75 0.170146
4.875 0.0998377
5 0.0289144
5.125 -0.0421872
5.25 -0.113029
5.375 -0.183173
5.5 -0.252189
5.625 -0.319649
5.75 -0.385139
5.875 -0.448254
6 -0.508606
6.125 -0.565822
6.25 -0.619549
6.375 -0.669457
6.5 -0.715237
6.625 -0.756608
6.75 -0.793313
6.875 -0.825128
7 -0.851856
7.125 -0.873331
7.25 -0.889423
7.375 -0.90003
7.5 -0.905089
7.625 -0.904568
7.75 -0.898469
7.875 -0.886831
8 -0.869726
8.125 -0.847258
8.25 -0.819567
8.375 -0.786823
8.5 -0.749228
8.625 -0.707013
8.75 -0.66044
8.875 -0.609795
9 -0.55539
9.125 -0.497561
9.25 -0.436665
9.375 -0.373076
9.5 -0.307187
9.625 -0.239404
9.75 -0.170146
9.875 -0.0998377
10 -0.0289144
10.125 0.0421872
10.25 0.113029
10.375 0.183173
10.5 0.252189
10.625 0.319649
10.75 0.385139
10.875 0.448254
11 0.508606
11.125 0.565822
11.25 0.619549
11.375 0.669457
11.5 0.715237
11.625 0.756608
11.75 0.793313
11.875 0.825128
12 0.851856
12.125 0.873331
12.25 0.889423
12.375 0.90003
12.5 0.905089
12.625 0.904568
12.75 0.898469
12.875 0.886831
13 0.869726
13.125 0.847258
13.25 0.819567
13.375 0.786823
13.5 0.749228
13.625 0.707013
13.75 0.66044
13.875 0.609795
14 0.55539
14.125 0.497561
14.25 0.436665
14.375 0.373076
14.5 0.307187
14.625 0.239404
14.75 0.170146
14.875 0.0998377
15 0.0289144
15.125 -0.0421872
15.25 -0.113029
15.375 -0.183173
15.5 -0.252189
15.625 -0.319649
15.75 -0.385139
15.875 -0.448254
16 -0.508606
16.125 -0.565822
16.25 -0.619549
16.375 -0.669457
16.5 -0.715237
16.625 -0.756608
16.75 -0.793313
16.875 -0.825128
17 -0.851856
17.125 -0.873331
17.25 -0.889423
17.375 -0.90003
17.5 -0.905089
17.625 -0.904568
17.75 -0.898469
17.875 -0.886831
18 -0.869726
18.125 -0.847258
18.25 -0.819567
18.375 -0.786823
18.5 -0.749228
18.625 -0.707013
18.75 -0.66044
18.875 -0.609795
19 -0.55539
19.125 -0.497561
19.25 -0.436665
19.375 -0.373076
19.5 -0.307187
19.625 -0.239404
19.75 -0.170146
19.875 -0.0998377
20 -0.0289144
