0 -0.0893006
0.5 0.119499
1 0.316602
1.5 0.482714
2 0.601574
2.5 0.661547
3 0.656764
3.5 0.587693
4 0.461093
4.5 0.289359
5 0.0893006
5.5 -0.119499
6 -0.316602
6.5 -0.482714
7 -0.601574
7.5 -0.661547
8 -0.656764
8.5 -0.587693
9 -0.461093
9.5 -0.289359
10 -0.0893006
10.5 0.119499
11 0.316602
11.5 0.482714
12 0.601574
12.5 0.661547
13 0.656764
13.5 0.587693
14 0.461093
14.5 0.289359
15 0.0893006
15.5 -0.119499
16 -0.316602
16.5 -0.482714
17 -0.601574
17.5 -0.661547
18 -0.656764
18.5 -0.587693
19 -0.461093
19.5 -0.289359
20 -0.0893006
