0 0.0151944
0.125 -0.059505
0.25 -0.133837
0.375 -0.207345
0.5 -0.279574
0.625 -0.350079
0.75 -0.418426
0.875 -0.484193
1 -0.546975
1.125 -0.606385
1.25 -0.662056
1.375 -0.713645
1.5 -0.760835
1.625 -0.803334
1.75 -0.840879
1.875 -0.873241
2 -0.900219
2.125 -0.921646
2.25 -0.937392
2.375 -0.947358
2.5 -0.951483
2.625 -0.949742
2.75 -0.942146
2.875 -0.92874
3 -0.909609
3.125 -0.88487
3.25 -0.854676
3.375 -0.819212
3.5 -0.778697
3.625 -0.733381
3.75 -0.683544
3.875 -0.629493
4 -0.57156
4.125 -0.510104
4.25 -0.445503
4.375 -0.378155
4.5 -0.308475
4.625 -0.236894
4.75 -0.163852
4.875 -0.0898
5 -0.0151944
5.125 0.059505
5.25 0.133837
5.375 0.207345
5.5 0.279574
5.625 0.350079
5.75 0.418426
5.875 0.484193
6 0.546975
6.125 0.606385
6.25 0.662056
6.375 0.713645
6.5 0.760835
6.625 0.803334
6.75 0.840879
6.875 0.873241
7 0.900219
7.125 0.921646
7.25 0.937392
7.375 0.947358
7.5 0.951483
7.625 0.949742
7.75 0.942146
7.875 0.92874
8 0.909609
8.125 0.88487
8.25 0.854676
8.375 0.819212
8.5 0.778697
8.625 0.733381
8.75 0.683544
8.875 0.629493
9 0.57156
9.125 0.510104
9.25 0.445503
9.375 0.378155
9.5 0.308475
9.625 0.236894
9.75 0.163852
9.875 0.0898
10 0.0151944
10.125 -0.059505
10.25 -0.133837
10.375 -0.207345
10.5 -0.279574
10.625 -0.350079
10.75 -0.418426
10.875 -0.484193
11 -0.546975
11.125 -0.606385
11.25 -0.662056
11.375 -0.713645
11.5 -0.760835
11.625 -0.803334
11.75 -0.840879
11.875 -0.873241
12 -0.900219
12.125 -0.921646
12.25 -0.937392
12.375 -0.947358
12.5 -0.951483
12.625 -0.949742
12.75 -0.942146
12.875 -0.92874
13 -0.909609
13.125 -0.88487
13.25 -0.854676
13.375 -0.819212
13.5 -0.778697
13.625 -0.733381
13.75 -0.683544
13.875 -0.629493
14 -0.57156
14.125 -0.510104
14.25 -0.445503
14.375 -0.378155
14.5 -0.308475
14.625 -0.236894
14.75 -0.163852
14.875 -0.0898
15 -0.0151944
15.125 0.059505
15.25 0.133837
15.375 0.207345
15.5 0.279574
15.625 0.350079
15.75 0.418426
15.875 0.484193
16 0.546975
16.125 0.606385
16.25 0.662056
16.375 0.713645
16.5 0.760835
16.625 0.803334
16.75 0.840879
16.875 0.873241
17 0.900219
17.125 0.921646
17.25 0.937392
17.375 0.947358
17.5 0.951483
17.625 0.949742
17.75 0.942146
17.875 0.92874
18 0.909609
18.125 0.88487
18.25 0.854676
18.375 0.819212
18.5 0.778697
18.625 0.733381
18.75 0.683544
18.875 0.629493
19 0.57156
19.125 0.510104
19.25 0.445503
19.375 0.378155
19.5 0.308475
19.625 0.236894
19.75 0.163852
19.875 0.0898
20 0.0151944
