0 0.0577254
0.25 -0.0841367
0.5 -0.223927
0.75 -0.358204
1 -0.48366
1.25 -0.597207
1.5 -0.696049
1.75 -0.777752
2 -0.840304
2.25 -0.882165
2.5 -0.902304
2.75 -0.900226
3 -0.875981
3.25 -0.830166
3.5 -0.76391
3.75 -0.678844
4 -0.577062
4.25 -0.461071
4.5 -0.333728
4.75 -0.198166
5 -0.0577254
5.25 0.0841367
5.5 0.223927
5.75 0.358204
6 0.48366
6.25 0.597207
6.5 0.696049
6.75 0.777752
7 0.840304
7.25 0.882165
7.5 0.902304
7.75 0.900226
8 0.875981
8.25 0.830166
8.5 0.76391
8.75 0.678844
9 0.577062
9.25 0.461071
9.5 0.333728
9.75 0.198166
10 0.0577254
10.25 -0.0841367
10.5 -0.223927
10.75 -0.358204
11 -0.48366
11.25 -0.597207
11.5 -0.696049
11.75 -0.777752
12 -0.840304
12.25 -0.882165
12.5 -0.902304
12.75 -0.900226
13 -0.875981
13.25 -0.830166
13.5 -0.76391
13.75 -0.678844
14 -0.577062
14.25 -0.461071
14.5 -0.333728
14.75 -0.198166
15 -0.0577254
15.25 0.0841367
15.5 0.223927
15.75 0.358204
16 0.48366
16.25 0.597207
16.5 0.696049
16.75 0.777752
17 0.840304
17.25 0.882165
17.5 0.902304
17.75 0.900226
18 0.875981
18.25 0.830166
18.5 0.76391
18.75 0.678844
19 0.577062
19.25 0.461071
19.5 0.333728
19.75 0.198166
20 0.0577254
