0 0.951057
0.5 1
1 0.951057
1.5 0.809017
2 0.587785
2.5 0.309017
3 1.11022e-16
3.5 -0.309017
4 -0.587785
4.5 -0.809017
5 -0.951057
5.5 -1
6 -0.951057
6.5 -0.809017
7 -0.587785
7.5 -0.309017
8 -2.22045e-16
8.5 0.309017
9 0.587785
9.5 0.809017
10 0.951057
10.5 1
11 0.951057
11.5 0.809017
12 0.587785
12.5 0.309017
13 3.88578e-16
13.5 -0.309017
14 -0.587785
14.5 -0.809017
15 -0.951057
15.5 -1
16 -0.951057
16.5 -0.809017
17 -0.587785
17.5 -0.309017
18 -4.996e-16
18.5 0.309017
19 0.587785
19.5 0.809017
20 0.951057
