0 3.88578e-16
0.5 -0.309017
1 -0.587785
1.5 -0.809017
2 -0.951057
2.5 -1
3 -0.951057
3.5 -0.809017
4 -0.587785
4.5 -0.309017
5 -4.996e-16
5.5 0.309017
6 0.587785
6.5 0.809017
7 0.951057
7.5 1
8 0.951057
8.5 0.809017
9 0.587785
9.5 0.309017
10 1.11022e-16
10.5 -0.309017
11 -0.587785
11.5 -0.809017
12 -0.951057
12.5 -1
13 -0.951057
13.5 -0.809017
14 -0.587785
14.5 -0.309017
15 -2.22045e-16
15.5 0.309017
16 0.587785
16.5 0.809017
17 0.951057
17.5 1
18 0.951057
18.5 0.809017
19 0.587785
19.5 0.309017
20 3.88578e-16
