0 -2.498e-16
0.125 0.0784591
0.25 0.156434
0.375 0.233445
0.5 0.309017
0.625 0.382683
0.75 0.45399
0.875 0.522499
1 0.587785
1.125 0.649448
1.25 0.707107
1.375 0.760406
1.5 0.809017
1.625 0.85264
1.75 0.891007
1.875 0.92388
2 0.951057
2.125 0.97237
2.25 0.987688
2.375 0.996917
2.5 1
2.625 0.996917
2.75 0.987688
2.875 0.97237
3 0.951057
3.125 0.92388
3.25 0.891007
3.375 0.85264
3.5 0.809017
3.625 0.760406
3.75 0.707107
3.875 0.649448
4 0.587785
4.125 0.522499
4.25 0.45399
4.375 0.382683
4.5 0.309017
4.625 0.233445
4.75 0.156434
4.875 0.0784591
5 3.60822e-16
5.125 -0.0784591
5.25 -0.156434
5.375 -0.233445
5.5 -0.309017
5.625 -0.382683
5.75 -0.45399
5.875 -0.522499
6 -0.587785
6.125 -0.649448
6.25 -0.707107
6.375 -0.760406
6.5 -0.809017
6.625 -0.85264
6.75 -0.891007
6.875 -0.92388
7 -0.951057
7.125 -0.97237
7.25 -0.987688
7.375 -0.996917
7.5 -1
7.625 -0.996917
7.75 -0.987688
7.875 -0.97237
8 -0.951057
8.125 -0.92388
8.25 -0.891007
8.375 -0.85264
8.5 -0.809017
8.625 -0.760406
8.75 -0.707107
8.875 -0.649448
9 -0.587785
9.125 -0.522499
9.25 -0.45399
9.375 -0.382683
9.5 -0.309017
9.625 -0.233445
9.75 -0.156434
9.875 -0.0784591
10 -4.85723e-16
10.125 0.0784591
10.25 0.156434
10.375 0.233445
10.5 0.309017
10.625 0.382683
10.75 0.45399
10.875 0.522499
11 0.587785
11.125 0.649448
11.25 0.707107
11.375 0.760406
11.5 0.809017
11.625 0.85264
11.75 0.891007
11.875 0.92388
12 0.951057
12.125 0.97237
12.25 0.987688
12.375 0.996917
12.5 1
12.625 0.996917
12.75 0.987688
12.875 0.97237
13 0.951057
13.125 0.92388
13.25 0.891007
13.375 0.85264
13.5 0.809017
13.625 0.760406
13.75 0.707107
13.875 0.649448
14 0.587785
14.125 0.522499
14.25 0.45399
14.375 0.382683
14.5 0.309017
14.625 0.233445
14.75 0.156434
14.875 0.0784591
15 1.249e-16
15.125 -0.0784591
15.25 -0.156434
15.375 -0.233445
15.5 -0.309017
15.625 -0.382683
15.75 -0.45399
15.875 -0.522499
16 -0.587785
16.125 -0.649448
16.25 -0.707107
16.375 -0.760406
16.5 -0.809017
16.625 -0.85264
16.75 -0.891007
16.875 -0.92388
17 -0.951057
17.125 -0.97237
17.25 -0.987688
17.375 -0.996917
17.5 -1
17.625 -0.996917
17.75 -0.987688
17.875 -0.97237
18 -0.951057
18.125 -0.92388
18.25 -0.891007
18.375 -0.85264
18.5 -0.809017
18.625 -0.760406
18.75 -0.707107
18.875 -0.649448
19 -0.587785
19.125 -0.522499
19.25 -0.45399
19.375 -0.382683
19.5 -0.309017
19.625 -0.233445
19.75 -0.156434
19.875 -0.0784591
20 -2.498e-16
