0 0.951057
0.125 0.97237
0.25 0.987688
0.375 0.996917
0.5 1
0.625 0.996917
0.75 0.987688
0.875 0.97237
1 0.951057
1.125 0.92388
1.25 0.891007
1.375 0.85264
1.5 0.809017
1.625 0.760406
1.75 0.707107
1.875 0.649448
2 0.587785
2.125 0.522499
2.25 0.45399
2.375 0.382683
2.5 0.309017
2.625 0.233445
2.75 0.156434
2.875 0.0784591
3 1.249e-16
3.125 -0.0784591
3.25 -0.156434
3.375 -0.233445
3.5 -0.309017
3.625 -0.382683
3.75 -0.45399
3.875 -0.522499
4 -0.587785
4.125 -0.649448
4.25 -0.707107
4.375 -0.760406
4.5 -0.809017
4.625 -0.85264
4.75 -0.891007
4.875 -0.92388
5 -0.951057
5.125 -0.97237
5.25 -0.987688
5.375 -0.996917
5.5 -1
5.625 -0.996917
5.75 -0.987688
5.875 -0.97237
6 -0.951057
6.125 -0.92388
6.25 -0.891007
6.375 -0.85264
6.5 -0.809017
6.625 -0.760406
6.75 -0.707107
6.875 -0.649448
7 -0.587785
7.125 -0.522499
7.25 -0.45399
7.375 -0.382683
7.5 -0.309017
7.625 -0.233445
7.75 -0.156434
7.875 -0.0784591
8 -2.498e-16
8.125 0.0784591
8.25 0.156434
8.375 0.233445
8.5 0.309017
8.625 0.382683
8.75 0.45399
8.875 0.522499
9 0.587785
9.125 0.649448
9.25 0.707107
9.375 0.760406
9.5 0.809017
9.625 0.85264
9.75 0.891007
9.875 0.92388
10 0.951057
10.125 0.97237
10.25 0.987688
10.375 0.996917
10.5 1
10.625 0.996917
10.75 0.987688
10.875 0.97237
11 0.951057
11.125 0.92388
11.25 0.891007
11.375 0.85264
11.5 0.809017
11.625 0.760406
11.75 0.707107
11.875 0.649448
12 0.587785
12.125 0.522499
12.25 0.45399
12.375 0.382683
12.5 0.309017
12.625 0.233445
12.75 0.156434
12.875 0.0784591
13 3.60822e-16
13.125 -0.0784591
13.25 -0.156434
13.375 -0.233445
13.5 -0.309017
13.625 -0.382683
13.75 -0.45399
13.875 -0.522499
14 -0.587785
14.125 -0.649448
14.25 -0.707107
14.375 -0.760406
14.5 -0.809017
14.625 -0.85264
14.75 -0.891007
14.875 -0.92388
15 -0.951057
15.125 -0.97237
15.25 -0.987688
15.375 -0.996917
15.5 -1
15.625 -0.996917
15.75 -0.987688
15.875 -0.97237
16 -0.951057
16.125 -0.92388
16.25 -0.891007
16.375 -0.85264
16.5 -0.809017
16.625 -0.760406
16.75 -0.707107
16.875 -0.649448
17 -0.587785
17.125 -0.522499
17.25 -0.45399
17.375 -0.382683
17.5 -0.309017
17.625 -0.233445
17.75 -0.156434
17.875 -0.0784591
18 -4.85723e-16
18.125 0.0784591
18.25 0.156434
18.375 0.233445
18.5 0.309017
18.625 0.382683
18.75 0.45399
18.875 0.522499
19 0.587785
19.125 0.649448
19.25 0.707107
19.375 0.760406
19.5 0.809017
19.625 0.85264
19.75 0.891007
19.875 0.92388
20 0.951057
