0 0.951057
0.25 0.987688
0.5 1
0.75 0.987688
1 0.951057
1.25 0.891007
1.5 0.809017
1.75 0.707107
2 0.587785
2.25 0.45399
2.5 0.309017
2.75 0.156434
3 1.11022e-16
3.25 -0.156434
3.5 -0.309017
3.75 -0.45399
4 -0.587785
4.25 -0.707107
4.5 -0.809017
4.75 -0.891007
5 -0.951057
5.25 -0.987688
5.5 -1
5.75 -0.987688
6 -0.951057
6.25 -0.891007
6.5 -0.809017
6.75 -0.707107
7 -0.587785
7.25 -0.45399
7.5 -0.309017
7.75 -0.156434
8 -2.498e-16
8.25 0.156434
8.5 0.309017
8.75 0.45399
9 0.587785
9.25 0.707107
9.5 0.809017
9.75 0.891007
10 0.951057
10.25 0.987688
10.5 1
10.75 0.987688
11 0.951057
11.25 0.891007
11.5 0.809017
11.75 0.707107
12 0.587785
12.25 0.45399
12.5 0.309017
12.75 0.156434
13 3.60822e-16
13.25 -0.156434
13.5 -0.309017
13.75 -0.45399
14 -0.587785
14.25 -0.707107
14.5 -0.809017
14.75 -0.891007
15 -0.951057
15.25 -0.987688
15.5 -1
15.75 -0.987688
16 -0.951057
16.25 -0.891007
16.5 -0.809017
16.75 -0.707107
17 -0.587785
17.25 -0.45399
17.5 -0.309017
17.75 -0.156434
18 -4.996e-16
18.25 0.156434
18.5 0.309017
18.75 0.45399
19 0.587785
19.25 0.707107
19.5 0.809017
19.75 0.891007
20 0.951057
